a = [0.7196,0.7477,0.7508,0.7757,0.7695,0.7632,0.7570];
x = [1,3,5,11,15,21,25];
